#  ----------------------------------------------------------
#  Num verts:  465
#  Num rc: 31 15
#  Num tElems: 8
v 21.605341 5.504121 0.993778
v 20.871651 6.354104 4.000428
v 23.058735 9.346731 5.062343
v 22.686916 12.295570 5.381418
v 22.937738 14.820873 3.563823
v 22.511152 15.417481 1.031773
v 21.494806 15.249968 -6.540811
v 21.754036 15.258500 -10.972505
v 21.373997 15.180276 -12.022397
v 21.599998 12.600001 -15.000000
v 21.600004 10.799974 -15.000000
v 21.610077 9.030723 -14.008657
v 21.656361 7.670417 -12.531809
v 21.600039 5.449952 -8.996443
v 21.605341 5.504121 0.993778
v 23.401312 5.457806 0.051181
v 23.426985 7.545741 1.033285
v 22.286415 7.162771 3.333220
v 21.013439 12.031871 0.273934
v 21.847824 14.395834 -2.421556
v 23.029049 14.780520 -0.627516
v 23.359316 15.932628 -2.391911
v 23.311047 15.304768 -6.963502
v 23.390894 15.468935 -12.031343
v 23.400000 12.600001 -15.000000
v 23.399952 10.799921 -15.000000
v 23.386187 8.952364 -14.011235
v 23.369740 7.829557 -12.334734
v 23.397636 5.450430 -8.974419
v 23.401312 5.457806 0.051181
v 25.113995 6.348709 -4.959783
v 25.066002 8.145967 1.114257
v 24.864279 7.301243 1.128471
v 23.724218 11.808167 0.337584
v 24.298634 15.629054 -1.512105
v 24.818796 14.117369 1.213647
v 25.178869 15.882347 -2.649815
v 25.151047 15.312084 -6.670947
v 25.191090 15.469070 -12.031480
v 25.199999 12.600001 -15.000000
v 25.199999 10.799968 -15.000000
v 25.156939 8.889197 -14.018291
v 25.199780 7.820518 -12.370226
v 25.199999 5.400000 -11.000001
v 25.113995 6.348709 -4.959783
v 26.995693 5.982945 -2.913946
v 26.841423 8.111520 1.197526
v 26.928324 7.907339 -0.584515
v 26.506466 10.832821 0.433294
v 26.609894 15.345139 -0.559465
v 26.852434 14.018380 1.744765
v 26.995184 15.876248 -2.589203
v 26.985874 15.308602 -6.615431
v 26.999960 15.469205 -12.031623
v 27.000000 12.600001 -15.000000
v 27.000000 10.799968 -15.000000
v 26.993206 8.888343 -14.019835
v 26.990074 7.821003 -12.376424
v 27.000000 5.400000 -11.000001
v 26.995693 5.982945 -2.913946
v 28.799646 5.983182 -2.914309
v 28.790369 8.484991 1.152361
v 28.772587 7.929790 0.366124
v 28.675900 10.920300 0.229513
v 28.708508 15.336287 -0.327592
v 28.757471 13.996866 1.815951
v 28.798498 15.875404 -2.581661
v 28.796227 15.308299 -6.608543
v 28.799986 15.469205 -12.031623
v 28.799999 12.600001 -15.000000
v 28.799999 10.799968 -15.000000
v 28.796015 8.888474 -14.019917
v 28.798018 7.819054 -12.375092
v 28.799999 5.400000 -11.000001
v 28.799646 5.983182 -2.914309
v 30.599987 5.983178 -2.914305
v 30.720217 8.807508 0.030626
v 30.606705 8.068245 0.138888
v 30.603764 10.934829 0.247708
v 30.583179 15.340988 -0.315249
v 30.592556 13.993175 1.820229
v 30.599876 15.875414 -2.581647
v 30.599569 15.308312 -6.608547
v 30.599998 15.469205 -12.031623
v 30.599998 12.600001 -15.000000
v 30.599998 10.799968 -15.000000
v 30.599890 8.888489 -14.019929
v 30.599438 7.818979 -12.375027
v 30.599998 5.400000 -11.000001
v 30.599987 5.983178 -2.914305
v 32.399857 6.150575 -3.964915
v 32.627132 9.274510 -1.999156
v 32.422344 8.981190 -2.015722
v 32.422997 10.902584 -0.439656
v 32.398636 15.342829 -0.331438
v 32.398701 13.992148 1.819648
v 32.399998 15.875421 -2.581704
v 32.399998 15.308317 -6.608590
v 32.399998 15.469206 -12.031623
v 32.399998 12.600001 -15.000000
v 32.399998 10.799968 -15.000000
v 32.399998 8.888494 -14.019935
v 32.399998 7.818876 -12.374929
v 32.399998 5.400000 -11.000001
v 32.399857 6.150575 -3.964915
v 34.198902 6.378007 -4.909194
v 34.309776 8.944446 -1.911671
v 34.217472 8.988271 -2.273263
v 34.203487 10.847852 -0.570900
v 34.200336 15.339684 -0.342638
v 34.199986 13.991444 1.818973
v 34.200001 15.875421 -2.581708
v 34.200001 15.308317 -6.608595
v 34.200001 15.469206 -12.031623
v 34.200001 12.600001 -15.000000
v 34.200001 10.799968 -15.000000
v 34.200001 8.888494 -14.019935
v 34.200001 7.818875 -12.374928
v 34.200001 5.400000 -11.000001
v 34.198902 6.378007 -4.909194
v 35.990227 6.764036 -5.993792
v 36.019802 8.921850 -2.302563
v 36.007271 8.877534 -2.068996
v 36.000866 10.843344 -0.593123
v 36.000072 15.338943 -0.345216
v 36.000000 13.991419 1.818859
v 36.000000 15.875421 -2.581709
v 36.000000 15.308316 -6.608595
v 36.000000 15.469205 -12.031623
v 36.000000 12.600001 -15.000000
v 36.000000 10.799968 -15.000000
v 36.000031 8.888495 -14.019936
v 36.000000 7.818875 -12.374929
v 36.000000 5.400000 -11.000001
v 35.990227 6.764036 -5.993792
v 37.799595 6.766852 -5.998846
v 37.801052 8.914390 -2.382142
v 37.802406 8.881028 -2.079755
v 37.800056 10.842777 -0.595975
v 37.800011 15.338914 -0.345591
v 37.799999 13.991418 1.818847
v 37.799999 15.875421 -2.581709
v 37.799999 15.308316 -6.608595
v 37.799999 15.469205 -12.031623
v 37.799999 12.600001 -15.000000
v 37.799999 10.799968 -15.000000
v 37.800102 8.888496 -14.019936
v 37.800507 7.819399 -12.375299
v 37.799999 5.400000 -11.000001
v 37.799595 6.766852 -5.998846
v 39.600029 6.766868 -5.999051
v 39.600471 9.014168 -2.745203
v 39.605480 9.138140 -2.659255
v 39.599995 10.839422 -1.798287
v 39.600006 15.338921 -0.345757
v 39.599998 13.991351 1.818763
v 39.599998 15.875419 -2.581712
v 39.599998 15.308306 -6.608597
v 39.599998 15.469205 -12.031623
v 39.599998 12.600001 -15.000000
v 39.599998 10.799968 -15.000000
v 39.606331 8.898475 -14.021044
v 39.601349 7.820446 -12.375790
v 39.599998 5.400000 -11.000001
v 39.600029 6.766868 -5.999051
v 41.399929 6.973275 -6.447909
v 41.400501 9.302260 -3.868506
v 41.403637 9.142776 -2.682389
v 41.400002 10.837896 -1.804970
v 41.399998 15.338915 -0.345892
v 41.399998 13.991357 1.818769
v 41.399998 15.875406 -2.581715
v 41.399998 15.308290 -6.608600
v 41.399998 15.469152 -12.031630
v 41.399998 12.600001 -15.000000
v 41.399895 10.999970 -14.919625
v 41.406815 8.922026 -14.000289
v 41.404457 7.848324 -12.379741
v 41.399998 5.400000 -11.000001
v 41.399929 6.973275 -6.447909
v 43.201756 6.973284 -6.447811
v 43.200085 9.302973 -3.873197
v 43.200775 9.144179 -2.686870
v 43.199993 10.837885 -1.805036
v 43.199940 15.338942 -0.345836
v 43.199886 13.991446 1.818830
v 43.199711 15.875754 -2.581553
v 43.199471 15.308907 -6.608299
v 43.199997 15.469152 -12.031630
v 43.199997 12.600001 -15.000000
v 43.200310 10.999866 -14.919172
v 43.196075 8.921793 -14.000102
v 43.222824 7.845856 -12.383438
v 43.199997 5.400000 -11.000001
v 43.201756 6.973284 -6.447811
v 45.008408 6.973447 -6.445613
v 45.001659 9.303441 -3.863230
v 45.000858 9.143435 -2.681892
v 44.996326 10.839590 -1.801270
v 44.999889 15.338955 -0.345339
v 44.996418 13.992656 1.831818
v 44.999195 15.877057 -2.581067
v 44.999184 15.311239 -6.607741
v 44.997177 15.472654 -12.030776
v 45.000000 12.600001 -15.000000
v 45.000004 10.799974 -15.000000
v 45.012489 8.918732 -14.013963
v 45.023716 6.980976 -12.498411
v 45.000000 5.400000 -11.000001
v 45.008408 6.973447 -6.445613
v 46.912888 6.968400 -6.277770
v 46.801308 9.429254 -3.960896
v 46.842430 9.248933 -2.437168
v 46.797901 10.852441 -1.771809
v 46.796864 15.351707 -0.311123
v 46.796177 13.993019 1.891546
v 46.799061 15.936057 -2.412666
v 46.800747 15.450217 -6.360340
v 46.797180 15.478526 -12.029479
v 46.799461 12.998419 -14.471758
v 46.814957 10.999913 -14.928286
v 46.882431 8.961945 -14.015985
v 46.817814 6.277108 -13.018250
v 47.349701 6.355381 -1.862952
v 46.912888 6.968400 -6.277770
v 49.216469 7.944703 -4.112777
v 48.351959 9.838357 -3.876006
v 48.649513 9.384647 -2.019613
v 48.373764 11.216246 -1.006129
v 48.584206 15.433560 -0.231050
v 48.597134 14.006439 1.895927
v 48.598919 15.937360 -2.412241
v 48.594608 15.452508 -6.361849
v 48.599998 15.481991 -12.028630
v 48.599834 12.998550 -14.471683
v 48.609894 10.999974 -14.907981
v 48.719925 8.530734 -14.043557
v 48.712601 6.281751 -13.003492
v 48.702511 7.313972 -2.163986
v 49.216469 7.944703 -4.112777
v 49.725666 7.104175 -4.692675
v 49.786438 9.826992 -1.613939
v 50.231461 8.440806 -0.463810
v 50.139538 11.429516 -0.220933
v 50.380703 15.425905 0.014567
v 50.383110 14.006716 1.942314
v 50.412872 15.938128 -2.401383
v 50.489616 15.455128 -6.315953
v 50.399998 15.481991 -12.028630
v 50.400002 12.998226 -14.471556
v 50.443996 11.101404 -14.033305
v 50.624004 8.039941 -9.094851
v 50.526814 6.887217 -7.868911
v 49.732399 7.131606 -9.193705
v 49.725666 7.104175 -4.692675
v 52.173077 7.436111 -4.593930
v 51.925835 9.785763 -0.119265
v 52.139790 8.619265 0.017917
v 52.170551 12.000120 0.864014
v 52.194931 15.475343 0.164854
v 52.123283 13.984612 2.200354
v 52.060642 15.926449 -2.463444
v 52.057674 15.448633 -5.980752
v 52.199997 15.481990 -12.028630
v 52.200218 12.998667 -14.470644
v 52.160999 11.199659 -14.089099
v 52.189518 8.230101 -13.030131
v 52.119534 7.879114 -4.457599
v 52.232555 7.579830 -9.116423
v 52.173077 7.436111 -4.593930
v 53.739029 7.903738 -6.185084
v 53.743652 9.944520 0.689089
v 53.992718 8.607596 0.059669
v 53.988827 12.038355 0.925110
v 54.001072 15.478815 0.336183
v 53.893566 13.889766 2.733127
v 53.633606 15.845778 -2.997292
v 53.475800 15.411542 -4.746173
v 53.705204 14.978591 -7.763793
v 54.000046 12.962242 -14.570264
v 54.005909 11.469172 -14.056957
v 54.002258 8.390502 -14.043173
v 54.055382 6.291256 -10.768209
v 53.693413 7.744877 -9.185254
v 53.739029 7.903738 -6.185084
v 55.254753 8.164113 -4.885183
v 55.505024 10.117028 2.004925
v 55.802742 8.616929 0.336405
v 55.799358 12.045726 0.947671
v 55.803280 15.457720 0.471065
v 55.750946 13.775388 3.150680
v 55.607121 15.810576 -2.656248
v 55.583832 15.285939 -4.071088
v 55.678806 13.501848 -9.809274
v 55.799999 12.962331 -14.570093
v 55.814671 11.172565 -14.012349
v 55.858990 7.964852 -12.164531
v 55.003536 7.914575 -7.710544
v 55.198044 7.940521 -3.921498
v 55.254753 8.164113 -4.885183
v 57.233341 7.563788 0.977382
v 57.513653 10.340579 3.153032
v 57.614426 8.725183 0.356692
v 57.599934 12.051076 0.956234
v 57.600689 15.457720 0.474834
v 57.595444 13.752503 3.223030
v 57.540047 15.802679 -2.550623
v 57.517658 15.248441 -4.002666
v 57.591942 13.646791 -9.496066
v 57.599998 12.962331 -14.570093
v 57.599091 10.978934 -14.047010
v 57.603210 7.291198 -9.000151
v 57.525105 8.816571 -5.951085
v 57.120377 7.787837 -2.710501
v 57.233341 7.563788 0.977382
v 59.299679 7.601788 1.016423
v 59.395073 10.391418 3.298540
v 59.403713 8.729923 0.367792
v 59.400078 12.052370 0.957603
v 59.400009 15.457674 0.475362
v 59.399044 13.751635 3.224375
v 59.397789 15.799827 -2.530472
v 59.486496 15.025005 -4.209296
v 59.414581 13.411611 -9.982547
v 59.399998 12.962331 -14.570093
v 59.395874 10.985573 -14.045178
v 59.401638 7.270728 -9.189269
v 59.618717 7.886564 -5.894348
v 59.253738 7.826639 -2.778740
v 59.299679 7.601788 1.016423
v 61.196144 7.649272 0.662077
v 61.198483 10.391214 3.300525
v 61.200241 8.735627 0.390005
v 61.200024 12.052158 0.957488
v 61.199997 15.457775 0.475081
v 61.200039 13.751409 3.224196
v 61.200935 15.772894 -2.627620
v 61.214024 15.007695 -4.969083
v 61.190643 12.017034 -12.064014
v 61.199997 12.962331 -14.570093
v 61.202576 10.985358 -14.045350
v 61.202332 7.669951 -9.863272
v 61.027557 7.997336 -5.882277
v 61.202736 7.932652 -3.358121
v 61.196144 7.649272 0.662077
v 62.983833 7.516091 1.683664
v 62.998348 10.393704 3.299718
v 63.000427 8.720770 0.354264
v 63.000019 12.052407 0.957435
v 63.000000 15.457825 0.475017
v 63.000034 13.751413 3.223800
v 63.001316 15.779036 -2.614830
v 63.037262 15.031613 -4.951963
v 62.999817 13.128412 -10.145252
v 63.000000 12.962331 -14.570093
v 63.004131 10.954152 -14.000534
v 62.983734 7.356103 -9.001673
v 62.646629 8.516039 -5.941339
v 62.921520 7.693615 -2.057235
v 62.983833 7.516091 1.683664
v 64.789696 7.508825 1.699874
v 64.799896 10.394697 3.300144
v 64.800247 8.720661 0.354199
v 64.799973 12.052424 0.957324
v 64.799980 15.457929 0.474775
v 64.800003 13.751366 3.223405
v 64.802048 15.754505 -2.698333
v 64.838142 15.006901 -5.382143
v 64.790100 11.446470 -12.996803
v 64.799995 12.962331 -14.570093
v 64.799942 10.951329 -14.076300
v 64.793625 7.389329 -9.004063
v 64.719467 10.389019 -4.981817
v 64.743195 7.653874 -1.999922
v 64.789696 7.508825 1.699874
v 66.599510 7.509994 1.678990
v 66.599663 10.394729 3.300217
v 66.598473 8.720821 0.354360
v 66.599487 12.052424 0.957340
v 66.598549 15.458015 0.474747
v 66.599724 13.751320 3.223140
v 66.599892 15.750758 -2.711638
v 66.599838 15.025001 -5.557766
v 66.595261 11.467379 -12.999144
v 66.599998 12.962331 -14.570093
v 66.599998 10.958714 -14.085540
v 66.599998 7.488781 -10.254342
v 66.561829 8.887575 -5.180091
v 66.594460 7.652981 -2.080052
v 66.599510 7.509994 1.678990
v 68.398300 7.499002 1.788136
v 68.393967 10.395038 3.300145
v 68.394226 8.720034 0.354076
v 68.394234 12.052426 0.957758
v 68.394424 15.458059 0.474779
v 68.393974 13.750989 3.222981
v 68.399162 15.750777 -2.711668
v 68.399162 15.024975 -5.557806
v 68.396614 11.475450 -12.982323
v 68.400002 12.962331 -14.570093
v 68.400032 10.951326 -14.076286
v 68.337044 8.132031 -5.953309
v 68.285973 10.469037 -4.388525
v 68.387054 7.580316 -1.725130
v 68.398300 7.499002 1.788136
v 70.204178 7.499337 1.788421
v 70.192360 10.396336 3.300639
v 70.159859 8.720812 0.360346
v 70.178581 12.052428 0.960086
v 70.162521 15.457396 0.480789
v 70.192276 13.749695 3.223855
v 70.200653 15.750154 -2.703161
v 70.190056 15.041034 -5.526714
v 70.194756 11.447202 -12.999215
v 70.199982 12.962320 -14.570098
v 70.199913 10.951214 -14.075999
v 70.141350 8.128531 -5.895130
v 70.177368 10.486704 -3.994743
v 70.199455 7.574306 -1.718349
v 70.204178 7.499337 1.788421
v 71.988754 7.512881 1.790864
v 71.926498 10.482125 3.510698
v 71.890564 8.734236 0.405645
v 71.886391 12.052571 1.080979
v 71.896080 15.444805 0.524818
v 71.927002 13.672328 3.411310
v 71.979187 15.735532 -2.659087
v 71.949005 15.087592 -5.431396
v 71.960075 11.423995 -12.990532
v 71.999954 12.962319 -14.570098
v 71.996239 10.955000 -14.078856
v 71.952827 8.133633 -5.866286
v 71.915115 10.581710 -4.185548
v 71.978081 7.584091 -1.719775
v 71.988754 7.512881 1.790864
v 73.750206 7.555324 1.696571
v 73.749825 10.646197 3.967149
v 73.405380 8.749493 0.943006
v 73.472816 12.052413 1.827705
v 73.443550 15.437964 1.003604
v 73.749069 13.524287 3.835892
v 73.674324 15.804466 -2.495932
v 73.652023 15.067085 -4.778719
v 73.783714 12.006020 -11.994502
v 73.793747 12.994970 -14.468190
v 73.791901 10.973020 -14.012087
v 73.571495 8.350416 -5.973892
v 73.735123 10.667163 -4.412954
v 73.699173 7.617422 -1.652385
v 73.750206 7.555324 1.696571
v 75.363945 7.794356 1.758728
v 75.053619 9.134027 0.951273
v 74.443817 8.402756 1.189029
v 74.486565 12.051121 1.890942
v 74.516159 15.745468 1.216908
v 75.060425 14.934123 0.951724
v 75.288490 15.712372 -2.100882
v 75.132668 15.128138 -4.005258
v 74.819580 13.020462 -9.585487
v 75.586281 12.986008 -14.476227
v 75.470932 11.086535 -14.122588
v 74.635132 8.663399 -5.976544
v 75.217918 10.104304 -4.122151
v 75.310684 7.811881 -1.737279
v 75.363945 7.794356 1.758728
