#  ----------------------------------------------------------
#  Num verts:  465
#  Num rc: 31 15
#  Num tElems: 8
v -21.598782 5.528944 1.059528
v -22.599400 8.661228 1.348536
v -23.096327 9.299864 4.436471
v -22.689329 12.182990 4.867287
v -22.992729 14.772527 3.834261
v -22.461182 15.313910 1.398698
v -21.729233 16.913179 1.394866
v -21.344625 16.023809 -3.704222
v -21.716169 14.774210 -7.990849
v -21.599998 12.600001 -15.000000
v -21.600004 10.799974 -15.000000
v -21.426748 8.712626 -14.002587
v -21.263927 6.759645 -12.005930
v -21.600245 5.443223 -8.980153
v -21.598782 5.528944 1.059528
v -23.395748 5.711482 -0.817217
v -23.305593 7.446665 1.057016
v -22.211924 7.068306 3.177171
v -20.983118 11.923864 0.013876
v -21.757372 14.403103 -2.641547
v -23.035439 14.694460 -0.300893
v -23.341194 16.257776 0.495837
v -23.338049 16.027765 -4.089236
v -23.383438 15.063113 -7.083732
v -23.400000 12.600001 -15.000000
v -23.399952 10.799921 -15.000000
v -23.343102 8.695126 -14.003366
v -23.335266 6.457427 -12.004411
v -23.397554 5.463051 -8.986418
v -23.395748 5.711482 -0.817217
v -25.182558 5.906942 -1.793852
v -25.015892 8.545485 1.161160
v -24.776529 7.453590 1.191995
v -23.642075 11.687032 0.228754
v -24.197792 15.558713 -1.362637
v -24.757814 13.849513 2.363262
v -25.174711 16.223614 0.912114
v -25.191656 16.008699 -4.116253
v -25.194002 14.464543 -7.874267
v -25.199999 12.600001 -15.000000
v -25.199999 10.799968 -15.000000
v -25.164600 8.690065 -14.010830
v -25.154165 6.444904 -12.008138
v -25.196033 5.486013 -8.989612
v -25.182558 5.906942 -1.793852
v -26.986486 6.513361 -4.792317
v -26.974207 8.446672 1.078718
v -26.929634 7.971768 -0.414844
v -26.498545 10.952395 0.191298
v -26.553822 15.312311 -0.301867
v -26.834185 13.720017 3.184246
v -27.023401 16.235115 0.991277
v -26.998297 16.008816 -4.114751
v -26.997633 14.047694 -8.493485
v -27.000000 12.600001 -15.000000
v -27.000000 10.799968 -15.000000
v -27.004112 8.681008 -14.002158
v -27.051834 6.332721 -12.021466
v -27.000000 5.400000 -10.000000
v -26.986486 6.513361 -4.792317
v -29.105251 6.985277 -4.988458
v -28.803400 9.391567 -0.969468
v -28.786819 8.401893 0.003296
v -28.487597 11.274610 0.375939
v -28.681374 15.333291 0.007519
v -28.752253 13.699447 3.275460
v -28.804169 16.247406 0.990286
v -28.799940 16.008844 -4.114531
v -28.799189 14.047693 -8.493484
v -28.799999 12.600001 -15.000000
v -28.799999 10.799968 -15.000000
v -28.849064 8.549677 -14.013491
v -28.858347 6.033785 -12.033275
v -28.799999 5.400000 -10.000000
v -29.105251 6.985277 -4.988458
v -30.607243 6.842839 -3.993729
v -30.087902 9.892744 0.142084
v -30.525980 8.446338 -0.649724
v -30.374681 11.436075 0.381857
v -30.563116 15.311238 0.217540
v -30.590767 13.698477 3.290633
v -30.601307 16.256718 0.982290
v -30.599918 16.008966 -4.114279
v -30.600515 14.047796 -8.493338
v -30.599998 12.600001 -15.000000
v -30.599998 10.799968 -15.000000
v -30.616659 8.366391 -14.001903
v -30.986217 5.973882 -7.255259
v -30.601477 5.425519 -7.030900
v -30.607243 6.842839 -3.993729
v -31.746359 7.268296 -1.048496
v -32.158661 10.230555 2.731290
v -32.388187 8.652841 0.388841
v -32.368633 12.025874 0.898597
v -32.392597 15.369615 0.354758
v -32.398499 13.703459 3.305864
v -32.400196 16.258337 0.979427
v -32.399921 16.009115 -4.113997
v -32.396156 14.639172 -8.007827
v -32.399998 12.600001 -15.000000
v -32.399998 10.799968 -15.000000
v -32.401329 8.367109 -14.028001
v -32.597481 6.627143 -7.788403
v -32.020073 6.352548 -4.994236
v -31.746359 7.268296 -1.048496
v -33.896542 7.451563 0.064527
v -34.138481 10.358184 3.268771
v -34.219494 8.728022 0.429996
v -34.190651 12.048126 0.953908
v -34.199345 15.381269 0.379122
v -34.199921 13.703292 3.306739
v -34.200066 16.258591 0.978954
v -34.200077 16.009115 -4.113997
v -34.203835 14.639173 -8.007824
v -34.200001 12.600001 -15.000000
v -34.200001 10.799968 -15.000000
v -34.200581 8.365623 -14.024344
v -34.196388 5.990027 -5.452106
v -34.013752 6.923598 -4.937582
v -33.896542 7.451563 0.064527
v -35.953407 7.527431 0.386159
v -35.988197 10.380310 3.296863
v -36.002377 8.735937 0.408775
v -35.999752 12.050226 0.957326
v -35.999947 15.381491 0.379870
v -36.000000 13.703266 3.306813
v -36.000069 16.258493 0.978657
v -36.000076 16.008968 -4.114276
v -35.999481 14.047796 -8.493338
v -36.000000 12.600001 -15.000000
v -36.000000 10.799968 -15.000000
v -36.000000 8.364926 -14.023009
v -36.002853 5.989710 -5.443305
v -35.973045 6.996460 -4.939542
v -35.953407 7.527431 0.386159
v -37.789898 7.530440 0.380619
v -37.798935 10.384869 3.299427
v -37.800602 8.735977 0.409385
v -37.799980 12.050321 0.957410
v -37.799999 15.381502 0.379897
v -37.799999 13.703264 3.306817
v -37.799999 16.258398 0.978404
v -37.799999 16.008844 -4.114525
v -37.799809 14.047692 -8.493484
v -37.799999 12.600001 -15.000000
v -37.799999 10.799968 -15.000000
v -37.799999 8.364925 -14.023009
v -37.799999 5.989733 -5.442899
v -37.793922 6.996792 -4.948644
v -37.789898 7.530440 0.380619
v -39.599281 7.530480 0.381071
v -39.599884 10.385075 3.299495
v -39.600006 8.735950 0.409369
v -39.599998 12.050321 0.957413
v -39.599998 15.381502 0.379899
v -39.599998 13.703264 3.306817
v -39.599998 16.258398 0.978404
v -39.599998 16.008844 -4.114525
v -39.599998 14.047660 -8.493527
v -39.599998 12.600001 -15.000000
v -39.599998 10.799968 -15.000000
v -39.599998 8.364925 -14.023009
v -39.599998 5.989733 -5.442899
v -39.599651 6.996848 -4.948408
v -39.599281 7.530480 0.381071
v -41.399891 7.530480 0.381470
v -41.399986 10.385137 3.299521
v -41.399998 8.735946 0.409339
v -41.399998 12.050321 0.957411
v -41.399998 15.381502 0.379898
v -41.399998 13.703264 3.306817
v -41.399998 16.258400 0.978402
v -41.399998 16.008846 -4.114525
v -41.399998 14.047660 -8.493527
v -41.399998 12.600001 -15.000000
v -41.399998 10.799968 -15.000000
v -41.399998 8.364925 -14.023009
v -41.399998 5.989733 -5.442898
v -41.400024 6.996885 -4.947983
v -41.399891 7.530480 0.381470
v -43.200069 7.530391 0.384798
v -43.199139 10.386154 3.299757
v -43.200047 8.735923 0.409117
v -43.199997 12.050344 0.957380
v -43.199997 15.381502 0.379897
v -43.199997 13.703264 3.306818
v -43.199997 16.258400 0.978404
v -43.199997 16.008846 -4.114525
v -43.199997 13.836337 -8.816520
v -43.199936 13.000853 -13.910175
v -43.199997 10.799968 -15.000000
v -43.270092 6.891299 -8.090436
v -43.197006 5.992814 -5.436165
v -43.199135 6.997097 -4.944521
v -43.200069 7.530391 0.384798
v -45.004379 7.645538 0.481437
v -44.997646 10.389217 3.299877
v -44.999866 8.735889 0.393968
v -45.000011 12.050478 0.957309
v -45.000000 15.381551 0.379863
v -45.000000 13.703265 3.306818
v -45.000000 16.258400 0.978404
v -45.000000 16.008846 -4.114525
v -45.000000 13.836337 -8.816520
v -45.000065 13.000065 -13.888863
v -45.000000 10.799968 -15.000000
v -44.991962 7.310625 -9.465452
v -44.920460 6.742761 -6.724067
v -45.009487 7.339252 -5.056778
v -45.004379 7.645538 0.481437
v -46.813858 7.597095 1.107585
v -46.798626 10.393277 3.299484
v -46.799690 8.728242 0.366259
v -46.800007 12.050752 0.957304
v -46.799999 15.381620 0.379802
v -46.799999 13.703266 3.306817
v -46.799999 16.258400 0.978403
v -46.799999 16.008846 -4.114525
v -46.800396 13.836416 -8.816406
v -46.800411 13.000003 -13.866776
v -46.799999 10.799968 -15.000000
v -46.798637 7.439678 -10.299275
v -46.698112 7.957291 -6.293228
v -46.839401 7.853346 -2.795229
v -46.813858 7.597095 1.107585
v -48.627056 7.600479 1.096278
v -48.607929 10.387145 3.290559
v -48.599384 8.728263 0.366308
v -48.599998 12.050479 0.957482
v -48.599998 15.381620 0.379794
v -48.599998 13.703266 3.306817
v -48.599930 16.258492 0.978657
v -48.599922 16.008966 -4.114276
v -48.601044 13.836663 -8.816057
v -48.610703 13.000063 -13.885515
v -48.599998 10.799968 -15.000000
v -48.620480 7.206555 -9.006348
v -48.711197 7.855488 -6.456301
v -48.645863 7.862721 -2.775174
v -48.627056 7.600479 1.096278
v -50.392475 7.884480 -1.205691
v -50.407913 10.374132 3.280041
v -50.399921 8.675144 0.495309
v -50.399998 12.049627 0.957685
v -50.399998 15.381125 0.380081
v -50.399998 13.703262 3.306816
v -50.399929 16.258608 0.978936
v -50.399921 16.009115 -4.113997
v -50.399998 15.065387 -7.031218
v -50.407845 13.003125 -13.928704
v -50.399998 10.799968 -15.000000
v -50.399998 8.364925 -14.023009
v -50.494316 7.853602 -7.056025
v -50.418171 8.197783 -3.264854
v -50.392475 7.884480 -1.205691
v -52.207577 7.884449 -1.205580
v -52.192055 10.374142 3.280048
v -52.200073 8.675150 0.495308
v -52.199997 12.049626 0.957683
v -52.199997 15.381127 0.380079
v -52.199997 13.703262 3.306817
v -52.200066 16.258608 0.978936
v -52.200073 16.009115 -4.113997
v -52.199997 15.065389 -7.031219
v -52.192150 13.003125 -13.928704
v -52.199997 10.799968 -15.000000
v -52.199997 8.364925 -14.023009
v -52.105576 7.853591 -7.055977
v -52.181965 8.197567 -3.264439
v -52.207577 7.884449 -1.205580
v -53.969727 7.599024 1.100617
v -53.992020 10.387152 3.290586
v -54.000710 8.728203 0.366255
v -54.000004 12.050477 0.957479
v -54.000000 15.381620 0.379792
v -54.000000 13.703265 3.306818
v -54.000069 16.258492 0.978658
v -54.000076 16.008968 -4.114276
v -53.998955 13.836663 -8.816058
v -53.989292 13.000060 -13.885509
v -54.000000 10.799968 -15.000000
v -53.974064 7.205165 -9.000579
v -53.885681 7.855335 -6.451191
v -53.934715 7.853978 -2.755815
v -53.969727 7.599024 1.100617
v -55.788227 7.594038 1.130427
v -55.799831 10.394367 3.299805
v -55.800259 8.727936 0.365940
v -55.799999 12.050778 0.957239
v -55.799999 15.381623 0.379802
v -55.799999 13.703266 3.306817
v -55.799999 16.258400 0.978403
v -55.799999 16.008846 -4.114525
v -55.799603 13.836416 -8.816406
v -55.799290 13.002341 -13.846708
v -55.799999 10.799968 -15.000000
v -55.785812 7.225597 -9.003431
v -55.796329 8.021571 -5.946031
v -55.786674 7.842741 -2.694799
v -55.788227 7.594038 1.130427
v -57.601059 7.593632 1.138757
v -57.599945 10.394427 3.299854
v -57.599987 8.727827 0.365817
v -57.599998 12.050777 0.957236
v -57.599998 15.381625 0.379801
v -57.599998 13.703267 3.306817
v -57.599998 16.258398 0.978404
v -57.599998 16.008844 -4.114525
v -57.599998 13.836336 -8.816519
v -57.599808 13.002242 -13.846928
v -57.599998 10.799968 -15.000000
v -57.604935 7.234354 -9.002398
v -57.596668 8.937643 -6.406512
v -57.618504 7.861958 -2.699946
v -57.601059 7.593632 1.138757
v -59.401257 7.595810 1.134711
v -59.400036 10.394438 3.299777
v -59.399967 8.727852 0.365825
v -59.399998 12.050778 0.957240
v -59.399998 15.381625 0.379801
v -59.399998 13.703267 3.306817
v -59.399998 16.258400 0.978403
v -59.399998 16.008846 -4.114525
v -59.399998 13.836336 -8.816519
v -59.400074 13.002229 -13.846970
v -59.399998 10.799968 -15.000000
v -59.405228 7.230081 -9.002241
v -59.414169 8.952425 -6.500384
v -59.410713 7.889338 -2.738927
v -59.401257 7.595810 1.134711
v -61.199905 7.607307 1.054616
v -61.199978 10.394468 3.299780
v -61.199997 8.728922 0.367025
v -61.199997 12.050776 0.957248
v -61.199997 15.381625 0.379806
v -61.199997 13.703267 3.306818
v -61.199997 16.258400 0.978403
v -61.199997 16.008846 -4.114525
v -61.199997 13.836337 -8.816520
v -61.199997 13.003489 -13.872461
v -61.199997 10.799968 -15.000000
v -61.199997 7.886333 -12.178544
v -61.197708 8.866255 -6.994984
v -61.198963 7.941628 -3.061842
v -61.199905 7.607307 1.054616
v -62.994370 7.593374 1.142478
v -62.999931 10.394456 3.299803
v -63.000233 8.727752 0.365697
v -63.000000 12.050779 0.957238
v -63.000000 15.381625 0.379801
v -63.000000 13.703266 3.306817
v -63.000000 16.258400 0.978403
v -63.000000 16.008846 -4.114525
v -63.000000 13.836336 -8.816519
v -62.999931 13.002221 -13.846956
v -63.000000 10.799968 -15.000000
v -63.001633 7.234752 -9.000835
v -62.981243 8.952417 -6.500215
v -62.967861 7.873058 -2.712825
v -62.994370 7.593374 1.142478
v -64.794769 7.588096 1.157751
v -64.799812 10.394579 3.300196
v -64.800247 8.727570 0.365493
v -64.799988 12.050763 0.957171
v -64.799980 15.381626 0.379799
v -64.799957 13.703260 3.306820
v -64.799995 16.258398 0.978404
v -64.799995 16.008844 -4.114525
v -64.799995 13.836336 -8.816519
v -64.799965 13.002189 -13.846951
v -64.799995 10.799968 -15.000000
v -64.811249 7.260951 -9.003954
v -64.629822 8.960684 -5.961405
v -64.772392 7.835997 -2.648959
v -64.794769 7.588096 1.157751
v -66.591179 7.511611 1.713537
v -66.599594 10.394661 3.299977
v -66.598770 8.720007 0.354102
v -66.599503 12.050823 0.957066
v -66.598434 15.381707 0.379767
v -66.599716 13.703234 3.306824
v -66.600029 16.258474 0.978358
v -66.599998 16.008844 -4.114524
v -66.599998 13.836336 -8.816521
v -66.599800 13.002400 -13.819887
v -66.599998 10.799968 -15.000000
v -66.539230 8.181099 -6.981616
v -66.430130 8.932332 -5.619940
v -66.552643 7.694345 -1.867637
v -66.591179 7.511611 1.713537
v -68.394409 7.507563 1.727350
v -68.393967 10.394964 3.300102
v -68.394394 8.719825 0.354040
v -68.394226 12.050811 0.957438
v -68.394020 15.381753 0.379804
v -68.393944 13.702932 3.306659
v -68.399895 16.258516 0.978328
v -68.400002 16.008844 -4.114523
v -68.399071 13.836336 -8.816518
v -68.399895 13.002296 -13.819712
v -68.400002 10.799968 -15.000000
v -68.374290 8.163253 -6.869429
v -68.394707 8.852777 -5.279182
v -68.372910 7.666486 -1.813841
v -68.394409 7.507563 1.727350
v -70.215538 7.510968 1.721414
v -70.192360 10.396293 3.300512
v -70.159760 8.720648 0.360308
v -70.178513 12.050811 0.959782
v -70.157669 15.381064 0.386194
v -70.192299 13.701634 3.307166
v -70.207016 16.256968 0.979302
v -70.199844 16.008867 -4.114363
v -70.198402 13.836336 -8.816521
v -70.199883 13.002351 -13.819739
v -70.199997 10.799968 -15.000000
v -70.255203 8.176024 -6.925009
v -70.204887 8.852939 -5.280883
v -70.253548 7.699306 -1.863860
v -70.215538 7.510968 1.721414
v -72.000916 7.529199 1.707367
v -71.929993 10.478244 3.505263
v -71.890511 8.734172 0.405702
v -71.886215 12.050724 1.081077
v -71.885574 15.367962 0.432392
v -71.925880 13.618223 3.514452
v -72.000618 16.241995 0.985816
v -71.997101 16.008896 -4.114623
v -71.972298 13.835353 -8.817357
v -71.999245 13.002495 -13.820416
v -72.000000 10.799968 -15.000000
v -72.052315 8.008918 -6.875094
v -72.335754 9.757398 -6.930219
v -72.024506 7.753504 -1.949742
v -72.000916 7.529199 1.707367
v -73.708839 7.741590 -0.168963
v -73.749756 10.637901 3.956419
v -73.419441 8.714937 1.038764
v -73.472443 12.050552 1.828314
v -73.395409 15.365385 0.994001
v -73.748199 13.457739 3.968214
v -73.777504 16.195803 0.800859
v -73.815659 16.001568 -4.332392
v -73.785713 13.836598 -8.869714
v -73.790749 13.003346 -13.894211
v -73.799995 10.799968 -15.000000
v -73.371101 8.914676 -4.887566
v -73.793312 9.588545 -6.952215
v -73.683372 8.019685 -2.032497
v -73.708839 7.741590 -0.168963
v -75.340492 7.790461 1.752296
v -75.072594 9.144132 0.947873
v -74.444153 8.403111 1.188832
v -74.486153 12.050503 1.891588
v -74.442490 15.719398 1.201933
v -75.064857 14.957733 0.938053
v -75.429512 16.047033 1.452604
v -75.453903 16.022264 -3.869937
v -74.848053 13.374103 -8.865625
v -75.599998 12.600001 -15.000000
v -75.599983 10.799947 -15.000000
v -74.649231 8.417591 -6.895231
v -74.876266 8.944615 -5.252056
v -75.224731 7.852288 -1.790995
v -75.340492 7.790461 1.752296
