#  ----------------------------------------------------------
#  Num verts:  1081
#  Num rc: 23 47
#  Num tElems: 8
v -19.424953 17.695007 -3.456714
v -17.590208 18.929117 0.879651
v -15.167358 18.853415 3.275700
v -13.503944 18.705284 4.780332
v -12.593171 17.998680 10.001441
v -10.795444 18.000843 11.001762
v -9.011284 17.973852 12.049624
v -7.200008 18.000076 12.000019
v -5.399979 18.000099 12.000025
v -3.599975 18.000122 12.000035
v -1.799926 18.000122 12.000049
v -0.005309 17.969788 12.013688
v 1.800007 17.999983 13.024995
v 3.590818 17.898743 11.040956
v 5.398540 17.898497 11.036595
v 7.206902 17.896116 11.027004
v 9.000196 17.952217 11.032523
v 10.808083 17.992771 12.004560
v 12.563813 18.009172 8.014149
v 13.834697 18.495598 6.985583
v 14.423214 17.694923 7.023102
v 17.425608 18.590408 1.477748
v 19.267952 17.820375 -3.242369
v 18.824011 17.485065 -8.244026
v 17.433208 17.411913 -6.604266
v 16.043154 18.385229 -8.109319
v 14.399926 17.999962 -12.000017
v 12.600708 18.000057 -12.798854
v 10.806112 17.966068 -13.003127
v 8.999834 17.999474 -13.000173
v 7.152129 18.504393 -13.153152
v 5.274000 18.738382 -13.325396
v 3.600008 18.186010 -14.002667
v 1.882625 18.785292 -13.324232
v 0.103186 18.738747 -13.257350
v -1.833344 18.698788 -13.213224
v -3.728474 18.816381 -13.155851
v -5.580435 18.853874 -12.984671
v -7.597888 18.821560 -12.523779
v -9.216679 18.360756 -12.146679
v -10.783298 18.078144 -10.256319
v -12.859291 18.041500 -10.019467
v -13.722761 18.029037 -3.560571
v -15.793590 18.113483 -5.861176
v -17.264151 18.288185 -11.998208
v -18.968105 17.320587 -8.148500
v -19.424953 17.695007 -3.456714
v -19.537334 20.777826 -0.007996
v -17.471048 20.961639 0.490004
v -14.967150 20.975462 3.479976
v -14.032226 19.908239 2.774795
v -12.589344 19.801903 10.005826
v -10.792374 19.801754 11.006275
v -9.018074 19.808495 12.012937
v -7.199979 19.800117 12.000064
v -5.401684 19.815296 13.007411
v -3.600660 19.815224 13.008368
v -1.800163 19.815413 13.008844
v -0.000646 19.816423 13.009410
v 1.800604 19.816420 13.008903
v 3.601101 19.814857 13.006824
v 5.400007 19.799984 13.024996
v 7.200014 19.799995 13.024993
v 8.999923 19.800003 12.000020
v 10.799970 19.800003 12.000005
v 11.747346 20.318254 8.999594
v 14.076634 20.275681 5.171241
v 14.828045 20.718067 3.777276
v 17.294411 20.840355 1.005592
v 19.556107 20.790663 0.207845
v 18.321692 19.964209 -5.562737
v 17.064062 20.494759 -6.945424
v 15.942916 20.324953 -10.457054
v 14.399975 19.799973 -12.000008
v 12.599970 19.799925 -12.000021
v 10.722648 19.843355 -12.134297
v 9.001060 19.817949 -12.002548
v 7.199811 19.799725 -13.000113
v 5.268112 20.710503 -13.162506
v 3.600012 19.949720 -14.000516
v 1.942748 20.778370 -13.183115
v 0.035012 20.828413 -13.057798
v -1.800156 19.799717 -13.000005
v -3.463665 20.735338 -12.503301
v -5.372763 20.665928 -12.354415
v -7.028199 20.591379 -12.319655
v -8.995536 20.370567 -11.730770
v -10.721133 20.220392 -11.165451
v -12.589770 19.774000 -10.002817
v -14.393651 19.789833 -10.007770
v -16.199356 19.795097 -9.015637
v -16.866339 19.355688 -5.525152
v -18.329971 19.529753 -6.415883
v -19.537334 20.777826 -0.007996
v -19.585899 22.804199 0.608336
v -17.218674 22.841909 1.037243
v -14.846850 22.787313 4.135687
v -13.948895 22.227188 5.648935
v -12.585020 21.599991 10.010465
v -10.799901 21.599974 12.000025
v -9.015936 21.649681 13.005948
v -7.225438 21.847372 13.000375
v -5.420171 22.075954 13.001267
v -3.604498 22.332968 13.001054
v -1.801729 22.320576 13.001149
v -0.003698 22.341574 13.000254
v 1.807595 22.468809 13.008228
v 3.612464 21.923851 13.000690
v 5.425900 21.812313 13.002931
v 7.048868 22.276443 12.184719
v 9.016573 21.627407 12.003551
v 10.797523 21.598179 11.001810
v 11.891392 22.438204 9.406446
v 14.366113 21.632820 6.005386
v 15.000359 22.407215 3.599009
v 17.197302 22.789349 1.234098
v 19.578594 22.805073 0.734502
v 18.379879 22.130568 -3.219318
v 16.846031 21.840801 -3.894064
v 15.612733 22.475946 -9.453698
v 14.400000 21.599998 -12.000000
v 12.599996 21.599974 -12.000005
v 10.799957 21.599974 -12.000010
v 9.001635 21.624851 -12.024103
v 7.199824 21.599998 -13.000043
v 5.293687 22.523539 -13.123488
v 3.600023 21.749987 -14.000533
v 1.964309 22.724400 -13.141718
v 0.036807 22.734762 -13.024206
v -1.825245 22.469191 -13.000152
v -3.601310 22.605526 -12.928071
v -5.415060 21.704475 -13.003862
v -7.213403 21.641417 -13.004826
v -9.004682 21.833652 -11.042810
v -10.801963 22.170918 -11.000547
v -12.544522 22.428091 -10.106828
v -14.409396 21.623035 -10.003366
v -16.201553 21.600250 -9.018713
v -17.015753 21.609739 -4.938931
v -18.376722 22.228441 -3.858317
v -19.585899 22.804199 0.608336
v -19.586939 24.649126 0.693907
v -17.180374 24.650797 0.945843
v -14.833070 24.571194 4.332926
v -13.880140 23.713320 4.892985
v -12.593397 23.397488 10.003897
v -10.793603 23.396580 11.004682
v -9.086719 24.100151 12.061464
v -7.226861 23.559843 13.003295
v -5.436381 24.282988 13.000059
v -3.612900 24.382912 13.000404
v -1.788648 24.491945 13.004913
v 0.015634 23.893341 13.000849
v 1.803311 23.772158 13.000182
v 3.601012 23.763920 13.001243
v 5.430774 23.656694 13.000815
v 7.059639 24.269972 12.161243
v 8.999974 23.399992 12.000006
v 10.798268 23.398954 11.000466
v 12.585137 23.392582 9.006599
v 14.055663 24.481594 5.479616
v 15.010353 24.419788 3.943964
v 17.206694 24.622316 1.060529
v 19.606972 24.660574 0.851585
v 18.767750 24.321184 -1.903692
v 16.726610 23.975239 -3.866747
v 15.798639 23.879295 -6.501031
v 14.394208 23.389118 -10.008993
v 12.598317 23.398693 -11.001046
v 10.799957 23.400000 -12.000008
v 9.010109 23.548986 -12.003353
v 7.199824 23.400000 -13.000043
v 5.290761 24.276266 -13.126022
v 3.600033 23.549999 -14.000533
v 1.974067 24.550665 -13.141139
v 0.082005 24.625242 -13.023176
v -1.787052 24.520847 -13.000346
v -3.596397 24.478407 -13.004823
v -5.437659 23.772238 -13.000837
v -7.221303 23.467997 -13.002958
v -9.001869 23.607821 -11.058686
v -10.795319 23.500393 -11.001562
v -12.590518 23.483061 -10.000893
v -14.396157 23.396454 -9.002736
v -16.196581 23.397377 -8.002572
v -16.523508 23.651121 -6.866503
v -17.869629 24.279152 -4.026221
v -19.586939 24.649126 0.693907
v -19.535822 26.454903 0.791509
v -17.077677 26.433792 1.361860
v -15.006987 26.034937 3.763063
v -14.296458 25.311701 6.008592
v -12.595903 25.200586 10.001159
v -10.795990 25.199423 11.001970
v -8.999877 25.199974 12.000035
v -7.215157 25.291138 13.003822
v -5.422173 25.456467 13.000434
v -3.583300 25.797312 13.000261
v -1.770921 25.503363 13.002496
v 0.000002 25.244162 12.003395
v 1.811667 26.154142 12.209371
v 3.688496 26.092026 12.269099
v 5.405352 25.385859 13.000323
v 7.181045 26.111309 12.033715
v 8.999974 25.199995 12.000005
v 10.746123 25.942560 10.293250
v 12.588978 25.195635 9.005475
v 14.389189 25.215706 7.017170
v 15.597988 25.625868 1.917094
v 17.053875 26.429459 1.638516
v 19.582363 26.455748 0.879505
v 19.020573 26.325527 -1.554033
v 16.578522 26.105190 -3.732380
v 16.001293 25.664658 -5.095510
v 14.353601 25.418043 -8.310587
v 12.592193 25.192709 -10.006950
v 10.623083 25.770405 -10.710146
v 9.003196 25.452728 -10.188864
v 7.199824 25.199999 -13.000043
v 5.396131 25.324947 -13.000039
v 3.600050 25.349997 -14.000523
v 1.994374 26.362154 -13.140858
v 0.087601 26.439091 -13.023084
v -1.782988 26.428932 -13.000438
v -3.585981 26.346781 -13.000051
v -5.400000 25.199999 -13.000001
v -7.221264 25.274923 -13.006691
v -9.005364 25.470737 -11.064575
v -10.792893 25.226414 -11.002770
v -12.298826 26.343544 -9.384353
v -14.405829 25.255934 -9.003704
v -16.198963 25.199781 -8.025575
v -16.392660 25.775383 -6.997157
v -18.206251 26.176704 -3.349391
v -19.535822 26.454903 0.791509
v -19.532959 28.248245 0.913251
v -17.054710 28.187460 1.400147
v -14.808210 27.943310 4.967268
v -14.327881 27.104237 6.000804
v -12.595939 27.001556 10.000480
v -10.797678 26.999664 11.000679
v -9.000476 27.360607 11.026390
v -7.000916 27.541452 11.474553
v -5.474684 27.851965 12.172625
v -3.609681 27.212315 13.000259
v -1.875831 27.985912 12.182015
v -0.085505 28.010799 12.091267
v 1.805371 28.064644 12.055433
v 3.732471 27.997169 12.147220
v 5.399962 27.135292 13.002334
v 7.212546 27.816805 12.014565
v 8.999974 27.000000 12.000004
v 10.809591 27.903084 10.072357
v 12.392544 27.552114 8.100452
v 14.395609 27.015121 7.014663
v 14.888496 27.735664 4.973939
v 16.943796 28.218670 1.815289
v 19.455814 28.246202 1.008670
v 19.104824 28.196159 -1.473416
v 16.680920 28.067110 -3.422012
v 16.141930 27.218067 -5.013392
v 14.388366 27.400856 -7.011682
v 12.595461 27.001287 -10.000516
v 10.648372 27.782911 -9.759386
v 9.000975 27.368258 -10.207288
v 7.199824 27.000000 -13.000043
v 5.395550 27.149828 -13.000376
v 3.600060 27.149990 -14.000516
v 1.994020 28.163334 -13.140899
v 0.088474 28.243944 -13.023103
v -1.781381 28.240799 -13.000379
v -3.612964 28.121384 -13.000065
v -5.400000 27.000000 -13.000001
v -7.221244 27.074982 -13.006705
v -9.000364 27.344858 -11.063533
v -10.790501 27.000036 -11.005981
v -12.299118 27.852592 -8.797569
v -14.495448 27.911348 -6.144127
v -16.339575 27.488876 -2.720148
v -16.675282 27.598469 -5.954005
v -18.962669 28.026850 -1.836458
v -19.532959 28.248245 0.913251
v -19.540543 30.045244 0.965485
v -17.132347 29.940722 1.313278
v -15.007951 29.614998 3.721512
v -14.345686 28.843132 6.000309
v -12.550211 29.246071 8.093266
v -10.810205 28.826742 11.010859
v -8.999660 28.820349 11.000580
v -6.962576 29.573044 11.373486
v -5.416469 29.617439 12.070177
v -3.606040 28.910883 13.003227
v -1.964906 29.747065 12.162754
v -0.078283 29.872515 12.027620
v 1.767857 29.923735 12.002835
v 3.617585 29.781666 12.058628
v 5.396423 29.517630 12.130020
v 7.199975 28.799974 12.000008
v 9.020207 28.829584 12.001704
v 10.780832 29.307055 10.000167
v 12.334661 29.372261 8.085540
v 14.404639 28.820208 7.007746
v 14.745543 29.635761 5.902886
v 16.872768 29.976231 1.952902
v 19.450291 30.044907 1.022556
v 19.137222 29.995365 -1.453128
v 16.708078 29.873339 -3.394608
v 16.189707 28.888466 -5.003934
v 14.416488 28.947449 -7.006997
v 12.669827 29.547180 -8.066327
v 10.162234 29.621655 -9.804152
v 9.010590 29.426796 -10.247093
v 7.199824 28.799999 -13.000043
v 5.396312 28.924913 -13.000328
v 3.600061 28.949991 -14.000516
v 1.994748 29.963505 -13.140865
v 0.088621 30.044416 -13.023104
v -1.782513 30.043503 -13.000380
v -3.613129 29.925423 -13.000045
v -5.400000 28.799999 -13.000001
v -7.221263 28.874981 -13.006683
v -9.004931 29.237946 -11.039061
v -10.790596 28.800035 -11.005836
v -12.178591 29.762838 -8.363657
v -14.150804 29.497803 -5.664463
v -15.722588 28.827900 -2.866416
v -17.099792 29.551868 -2.075795
v -19.359503 29.853945 -1.163562
v -19.540543 30.045244 0.965485
v -19.618702 31.839556 0.920815
v -17.310165 31.777832 0.818595
v -15.019230 31.545094 3.264211
v -14.000154 31.232298 5.042212
v -12.581038 30.713671 8.001904
v -10.813006 30.630087 11.000364
v -9.011799 30.715963 11.003489
v -6.988961 31.527981 11.216907
v -5.399926 30.599949 12.000025
v -3.602898 30.660149 13.007754
v -2.032723 31.636782 12.103426
v -0.058781 31.724899 12.013706
v 1.777545 31.734297 12.010820
v 3.600240 31.036604 12.001472
v 5.400000 30.599974 12.000004
v 7.208785 30.637909 12.009635
v 9.009139 30.606384 12.011266
v 10.395480 31.454769 9.951182
v 12.466670 30.981915 8.016420
v 14.411037 30.599834 7.022007
v 14.749319 31.450323 5.922281
v 16.873318 31.771601 1.967231
v 19.449062 31.844183 1.023945
v 19.159470 31.794050 -1.442014
v 16.805984 31.687355 -3.017443
v 16.199301 30.640886 -5.009194
v 13.980176 31.267685 -5.947212
v 12.588130 30.625988 -8.004496
v 10.249030 31.705900 -9.183637
v 9.010283 31.247856 -10.215556
v 7.199824 30.599998 -13.000043
v 5.396573 30.724873 -13.000072
v 3.600059 30.749987 -14.000517
v 1.994807 31.763502 -13.140863
v 0.088651 31.844433 -13.023104
v -1.782457 31.843731 -13.000380
v -3.613148 31.724577 -13.000044
v -5.400000 30.599998 -13.000001
v -7.221278 30.674971 -13.006666
v -9.000290 31.061504 -11.040950
v -10.790632 30.599998 -11.005763
v -12.252812 31.578352 -8.030828
v -14.298771 30.985922 -5.000030
v -15.240200 31.264786 -2.965715
v -17.234312 31.543104 -1.123189
v -19.568211 31.797119 -0.942240
v -19.618702 31.839556 0.920815
v -19.643274 33.645416 0.911108
v -17.410929 33.614574 0.691215
v -15.004103 33.485893 3.072080
v -14.008306 33.177963 4.919772
v -12.590349 32.396332 8.008602
v -10.808259 32.431145 10.000363
v -9.017192 32.464802 10.006237
v -7.206868 32.544624 11.002379
v -5.399974 32.399971 12.000008
v -3.649872 32.991322 11.627641
v -1.800025 32.399971 12.000008
v -0.009321 32.688511 12.001778
v 1.807301 32.581387 12.002046
v 3.604109 32.530708 12.000225
v 5.408930 32.438107 12.006743
v 7.198822 32.397457 11.001903
v 8.981813 32.600208 10.002246
v 10.599877 33.428745 9.144316
v 12.597296 32.399582 8.001355
v 14.411532 32.399872 7.021877
v 14.753950 33.236164 5.922755
v 16.874336 33.570084 1.967157
v 19.449223 33.642635 1.023576
v 19.183483 33.615665 -1.434384
v 16.839987 33.505562 -2.988643
v 16.277828 32.599892 -5.014044
v 14.042879 33.178993 -5.475095
v 11.987806 33.272587 -7.249148
v 10.386627 33.522377 -8.926726
v 9.012295 33.120781 -10.190991
v 7.199824 32.399998 -13.000043
v 5.396875 32.499939 -13.000326
v 3.600060 32.549988 -14.000516
v 1.995452 33.563496 -13.140829
v 0.088672 33.644432 -13.023104
v -1.782444 33.643738 -13.000380
v -3.613149 33.524590 -13.000044
v -5.400000 32.399998 -13.000001
v -7.221278 32.474972 -13.006666
v -9.000407 32.861824 -11.040720
v -10.790632 32.399998 -11.005763
v -12.277306 33.377808 -7.948343
v -14.305011 32.743340 -5.007837
v -15.093848 33.334137 -2.933403
v -17.310919 33.563641 -0.915665
v -19.604567 33.634766 -0.922439
v -19.643274 33.645416 0.911108
v -19.660112 35.447582 0.905468
v -17.475576 35.432449 0.607461
v -15.094563 35.334297 2.687962
v -14.175304 35.101345 4.210479
v -12.627693 34.272514 7.009754
v -10.602942 34.452816 8.406537
v -8.751624 34.615215 9.407125
v -7.202198 34.217476 10.000422
v -5.367623 34.762352 10.549143
v -3.737040 34.918056 11.180933
v -1.778938 35.120903 11.141382
v 0.010783 35.090874 11.176863
v 1.909969 35.073624 11.126685
v 3.637227 34.727688 10.868863
v 5.399622 34.197231 11.000507
v 6.954406 34.426750 8.988330
v 9.002233 34.370178 7.620325
v 10.556729 34.735626 7.989043
v 12.598131 34.199612 8.000719
v 14.418717 34.199993 7.018710
v 14.757524 35.035492 5.920599
v 16.876276 35.369637 1.965672
v 19.449745 35.442623 1.023359
v 19.185835 35.417603 -1.433463
v 16.866753 35.329784 -2.963775
v 16.278315 34.400227 -5.014017
v 14.124426 35.185234 -5.101670
v 11.988791 35.201015 -7.042563
v 10.440976 35.345943 -8.785404
v 9.005694 34.923809 -10.198774
v 7.199824 34.200001 -13.000043
v 5.396875 34.299942 -13.000326
v 3.600062 34.349987 -14.000515
v 1.995453 35.363495 -13.140829
v 0.088682 35.444431 -13.023105
v -1.782444 35.443741 -13.000380
v -3.613149 35.324593 -13.000044
v -5.400000 34.200001 -13.000001
v -7.221278 34.274975 -13.006666
v -9.000408 34.661839 -11.040720
v -10.790632 34.200001 -11.005763
v -12.277553 35.191021 -7.945723
v -14.305285 34.547535 -5.006540
v -15.063800 35.247932 -2.996352
v -17.328604 35.416775 -0.894306
v -19.610092 35.446594 -0.921666
v -19.660112 35.447582 0.905468
v -19.663790 37.249012 0.904675
v -17.493465 37.233917 0.589501
v -15.124690 37.157516 2.617183
v -14.306133 36.586178 4.014514
v -12.632236 36.047977 7.006033
v -10.588521 36.688789 7.463045
v -8.667712 36.819576 8.660229
v -7.224764 36.072327 10.000467
v -5.355343 36.735672 10.190019
v -3.649811 36.371643 11.000074
v -1.822019 37.036819 11.031930
v 0.024971 37.099339 11.018631
v 1.849911 36.430851 11.001579
v 3.625988 36.816841 10.372587
v 5.411953 36.047916 11.003334
v 7.117851 36.734928 9.228228
v 9.001146 36.504444 7.369617
v 10.667961 36.861256 7.480366
v 12.598527 36.000000 8.000415
v 14.418714 36.000011 7.018717
v 14.758469 36.835430 5.919906
v 16.876574 37.169983 1.965533
v 19.449932 37.242691 1.023296
v 19.186981 37.219418 -1.433010
v 16.867247 37.131577 -2.963431
v 16.278593 36.200737 -5.014020
v 14.135836 37.011097 -5.088912
v 12.003410 37.109905 -6.869729
v 10.443565 37.152222 -8.776886
v 9.008799 36.706322 -10.194673
v 7.199824 36.000000 -13.000043
v 5.396875 36.099941 -13.000326
v 3.600062 36.149986 -14.000515
v 1.995454 37.163498 -13.140829
v 0.088683 37.244431 -13.023105
v -1.782444 37.243740 -13.000380
v -3.613149 37.124592 -13.000044
v -5.400000 36.000000 -13.000001
v -7.221278 36.074974 -13.006666
v -9.000408 36.461842 -11.040720
v -10.790632 36.000000 -11.005763
v -12.277487 36.995663 -7.945700
v -14.305288 36.348633 -5.006528
v -15.063715 37.073997 -2.994441
v -17.330433 37.228531 -0.892881
v -19.611216 37.249104 -0.921646
v -19.663790 37.249012 0.904675
v -19.664333 39.049328 0.904615
v -17.495232 39.035686 0.588240
v -15.125331 38.950397 2.616345
v -14.307403 38.382759 4.013065
v -12.632577 37.849865 7.005708
v -10.602296 38.776112 7.194990
v -8.648438 38.823547 8.527961
v -7.217682 37.849960 10.007237
v -5.331949 38.643303 10.045983
v -3.649036 38.172150 11.000560
v -1.840674 38.968529 11.009240
v 0.050330 38.985664 11.007116
v 1.840510 38.282707 11.001084
v 3.695844 38.830559 10.194143
v 5.407990 37.826252 11.012247
v 7.091058 37.998608 8.164280
v 8.788351 38.782066 8.277496
v 10.781394 37.984371 7.083461
v 12.610400 37.874725 8.005441
v 14.418812 37.800011 7.018734
v 14.759612 38.640812 5.920754
v 16.876656 38.970276 1.965572
v 19.449926 39.042870 1.023355
v 19.187010 39.019440 -1.432997
v 16.867502 38.932526 -2.963237
v 16.278593 38.000740 -5.014020
v 14.144227 38.813984 -5.084826
v 12.004090 38.928955 -6.868478
v 10.442354 38.952133 -8.776901
v 9.008801 38.505646 -10.194664
v 7.199824 37.799999 -13.000043
v 5.396875 37.899940 -13.000326
v 3.600062 37.949986 -14.000515
v 1.995454 38.963497 -13.140829
v 0.088682 39.044434 -13.023105
v -1.782444 39.043739 -13.000380
v -3.613149 38.924591 -13.000044
v -5.400000 37.799999 -13.000001
v -7.221278 37.874973 -13.006666
v -9.000408 38.261841 -11.040720
v -10.790632 37.799999 -11.005763
v -12.277455 38.796776 -7.945741
v -14.305288 38.148643 -5.006528
v -15.063713 38.878002 -2.994408
v -17.330809 39.030876 -0.892647
v -19.611319 39.049351 -0.921647
v -19.664333 39.049328 0.904615
v -19.664373 40.849377 0.904616
v -17.495377 40.835781 0.588154
v -15.125428 40.751091 2.616194
v -14.307473 40.169834 4.012958
v -12.632634 39.649994 7.005706
v -10.617035 40.632446 7.173841
v -8.638942 40.694168 8.519749
v -7.217687 39.654369 10.004977
v -5.395034 39.653519 10.000297
v -3.648799 39.970272 11.000780
v -1.835365 40.706184 11.005883
v 0.004290 40.804050 11.000151
v 1.842350 40.244114 11.001046
v 3.618894 39.727642 11.003429
v 5.409786 39.626724 11.009349
v 6.940966 39.995716 8.342154
v 8.785657 40.674873 8.211268
v 10.695573 40.626278 7.278796
v 12.610607 39.674911 8.005541
v 14.418833 39.599998 7.018744
v 14.759651 40.440983 5.920770
v 16.876726 40.770473 1.965586
v 19.449934 40.842873 1.023354
v 19.187016 40.819454 -1.432993
v 16.867508 40.732529 -2.963234
v 16.278593 39.800739 -5.014020
v 14.144423 40.613480 -5.084679
v 12.004340 40.738461 -6.868230
v 10.442194 40.752609 -8.777093
v 9.008805 40.305302 -10.194659
v 7.199824 39.599998 -13.000043
v 5.396875 39.699940 -13.000326
v 3.600062 39.749985 -14.000515
v 1.995454 40.763496 -13.140829
v 0.088682 40.844433 -13.023105
v -1.782444 40.843739 -13.000380
v -3.613149 40.724590 -13.000044
v -5.400000 39.599998 -13.000001
v -7.221278 39.674973 -13.006666
v -9.000408 40.061840 -11.040720
v -10.790632 39.599998 -11.005763
v -12.277455 40.596840 -7.945741
v -14.305288 39.948643 -5.006528
v -15.063712 40.678673 -2.994409
v -17.330835 40.831070 -0.892626
v -19.611336 40.849373 -0.921647
v -19.664373 40.849377 0.904616
v -19.664400 42.649372 0.904613
v -17.495445 42.635742 0.588108
v -15.125606 42.550961 2.615937
v -14.313887 41.945137 4.012035
v -12.632715 41.449940 7.005700
v -10.664310 42.397644 7.143781
v -8.713293 42.490307 8.387906
v -7.209279 41.434750 10.004852
v -5.397318 41.402119 10.000088
v -3.623388 41.534542 11.000105
v -1.824588 42.442616 11.005987
v 0.049895 42.562260 11.009566
v 1.843884 41.818367 11.001772
v 3.585254 42.246635 10.182645
v 5.425639 41.488838 10.001287
v 6.899749 41.999989 8.392859
v 8.881876 42.567543 8.043732
v 10.721458 42.455902 7.263560
v 12.610671 41.474972 8.005553
v 14.418833 41.399998 7.018744
v 14.759659 42.241051 5.920771
v 16.876726 42.570484 1.965585
v 19.449938 42.642872 1.023354
v 19.187016 42.619453 -1.432993
v 16.867508 42.532528 -2.963233
v 16.278593 41.600739 -5.014020
v 14.144528 42.412292 -5.084598
v 12.004321 42.539238 -6.868257
v 10.442281 42.553894 -8.776999
v 9.008812 42.105099 -10.194651
v 7.199824 41.399998 -13.000043
v 5.396875 41.499939 -13.000326
v 3.600062 41.549984 -14.000515
v 1.995454 42.563496 -13.140829
v 0.088682 42.644432 -13.023105
v -1.782444 42.643738 -13.000380
v -3.613149 42.524590 -13.000044
v -5.400000 41.399998 -13.000001
v -7.221278 41.474972 -13.006666
v -9.000408 41.861839 -11.040720
v -10.790632 41.399998 -11.005763
v -12.277455 42.396839 -7.945741
v -14.305288 41.748642 -5.006528
v -15.063712 42.478672 -2.994409
v -17.330843 42.631073 -0.892624
v -19.611338 42.649372 -0.921648
v -19.664400 42.649372 0.904613
v -19.664518 44.449280 0.904611
v -17.495724 44.435627 0.587858
v -15.126057 44.349140 2.615570
v -14.320432 43.742386 4.007676
v -12.634285 43.249939 7.005376
v -10.843289 43.659496 7.002510
v -8.591961 44.118996 7.591105
v -6.860060 43.876648 8.770394
v -5.000076 43.625221 8.930729
v -3.618370 43.253521 11.002423
v -1.827444 43.399788 11.002688
v 0.062425 44.109261 11.000101
v 1.832178 43.489067 11.002487
v 3.554778 43.986496 10.064132
v 5.420948 43.273540 10.004107
v 7.006315 43.716373 8.202586
v 8.884592 44.413673 8.041959
v 10.745195 44.339119 7.252842
v 12.610670 43.274975 8.005553
v 14.418833 43.199997 7.018744
v 14.759659 44.041054 5.920773
v 16.876726 44.370487 1.965585
v 19.449938 44.442875 1.023354
v 19.187017 44.419449 -1.432992
v 16.867508 44.332527 -2.963234
v 16.278593 43.400738 -5.014020
v 14.144530 44.210922 -5.084590
v 12.004141 44.336983 -6.868320
v 10.442380 44.358025 -8.776864
v 9.009043 43.895489 -10.194349
v 7.199824 43.199997 -13.000043
v 5.396875 43.299938 -13.000326
v 3.600062 43.349983 -14.000515
v 1.995454 44.363499 -13.140830
v 0.088682 44.444431 -13.023105
v -1.782444 44.443737 -13.000380
v -3.613149 44.324589 -13.000044
v -5.400000 43.199997 -13.000001
v -7.221278 43.274971 -13.006666
v -9.000408 43.661839 -11.040720
v -10.790632 43.199997 -11.005763
v -12.277455 44.196838 -7.945741
v -14.305288 43.548641 -5.006528
v -15.063712 44.278675 -2.994409
v -17.330843 44.431072 -0.892624
v -19.611332 44.449371 -0.921648
v -19.664518 44.449280 0.904611
v -19.664762 46.249142 0.904612
v -17.499052 46.232956 0.585516
v -15.126637 46.146946 2.614742
v -14.329380 45.508621 4.005951
v -12.634407 45.049995 7.005375
v -10.850540 45.443783 7.000616
v -8.736012 46.114723 7.233826
v -6.946717 45.946342 8.361552
v -5.008099 45.557991 8.644710
v -3.611012 45.025639 11.010557
v -1.824206 45.199924 11.001729
v 0.039835 45.473217 11.001526
v 1.652648 45.979683 10.177225
v 3.624992 45.101639 10.000816
v 5.421470 45.076988 10.002951
v 6.702817 46.066120 8.634722
v 8.881078 46.179905 8.031216
v 10.727790 46.114429 7.251585
v 12.610653 45.074997 8.005546
v 14.418833 45.000000 7.018744
v 14.759657 45.841053 5.920772
v 16.876724 46.170486 1.965590
v 19.449936 46.242878 1.023355
v 19.187025 46.219444 -1.432989
v 16.867571 46.132336 -2.963192
v 16.278593 45.200741 -5.014020
v 14.146538 45.985455 -5.081747
v 12.003974 46.135506 -6.867980
v 10.447433 46.162010 -8.762842
v 9.009477 45.685925 -10.193645
v 7.199824 45.000000 -13.000043
v 5.396875 45.099941 -13.000326
v 3.600062 45.149986 -14.000515
v 1.995454 46.163494 -13.140829
v 0.088682 46.244431 -13.023105
v -1.782444 46.243740 -13.000380
v -3.613149 46.124592 -13.000044
v -5.400000 45.000000 -13.000001
v -7.221278 45.074974 -13.006666
v -9.000408 45.461842 -11.040720
v -10.790632 45.000000 -11.005763
v -12.277455 45.996838 -7.945741
v -14.305288 45.348644 -5.006528
v -15.063712 46.078674 -2.994409
v -17.330837 46.231075 -0.892624
v -19.611328 46.249378 -0.921647
v -19.664762 46.249142 0.904612
v -19.669813 48.047260 0.902953
v -17.505220 48.030136 0.580644
v -15.133321 47.939426 2.526947
v -14.335712 47.275696 4.002080
v -12.635062 46.850662 7.002870
v -10.850309 47.245720 7.000761
v -8.752108 47.964340 7.201192
v -6.895664 47.988602 8.334414
v -5.010174 47.451138 8.637795
v -3.618368 46.849644 11.001033
v -1.816221 46.960159 11.003490
v 0.031116 47.095913 11.000877
v 1.686013 47.749504 10.136907
v 3.600662 46.823277 10.000067
v 5.420189 46.880253 10.002168
v 6.731481 47.862587 8.589635
v 8.832390 47.971542 8.077700
v 10.692062 47.958065 7.350268
v 12.611444 46.874195 8.005918
v 14.418820 46.799999 7.018745
v 14.759601 47.640995 5.920849
v 16.876677 47.970490 1.965621
v 19.449915 48.042885 1.023365
v 19.187218 48.019295 -1.432907
v 16.867722 47.932022 -2.963083
v 16.278694 47.000694 -5.014004
v 14.149763 47.761013 -5.075718
v 12.007839 47.886345 -6.787455
v 10.449039 47.985943 -8.730620
v 9.008420 47.460289 -10.141804
v 7.199824 46.799999 -13.000043
v 5.396899 46.899940 -13.000300
v 3.600062 46.949986 -14.000515
v 1.995459 47.963497 -13.140829
v 0.088683 48.044430 -13.023105
v -1.782444 48.043739 -13.000380
v -3.613149 47.924591 -13.000044
v -5.400000 46.799999 -13.000001
v -7.221278 46.874973 -13.006666
v -9.000408 47.261841 -11.040720
v -10.790632 46.799999 -11.005763
v -12.277455 47.796841 -7.945741
v -14.305288 47.148643 -5.006528
v -15.063707 47.878677 -2.994410
v -17.330830 48.031071 -0.892624
v -19.611065 48.049503 -0.921690
v -19.669813 48.047260 0.902953
v -19.676666 49.847294 0.900985
v -17.540890 49.838734 0.484739
v -15.140018 49.746281 2.412202
v -14.040411 49.577656 4.196972
v -12.627706 48.625446 7.013236
v -10.842443 48.923515 7.002703
v -8.656230 49.766270 7.387070
v -6.955220 49.784668 8.285328
v -5.409680 48.623634 10.004302
v -3.599465 48.596943 10.000883
v -1.800407 48.822250 11.001617
v -0.101192 49.326935 10.197427
v 1.793621 49.508381 10.049114
v 3.630606 48.837067 10.001507
v 5.276086 49.537743 9.150831
v 7.198990 48.849785 9.002572
v 9.012117 48.702213 9.001860
v 10.767710 49.250916 8.003577
v 12.610526 48.674969 8.006698
v 14.417817 48.599998 7.018930
v 14.759130 49.441040 5.921056
v 16.876495 49.770473 1.965727
v 19.449862 49.842873 1.023395
v 19.187401 49.819248 -1.432820
v 16.870575 49.725975 -2.960562
v 16.278858 48.800694 -5.013982
v 14.183857 49.369583 -5.047703
v 11.950020 49.759720 -6.785716
v 10.055943 49.658257 -8.876829
v 9.005598 49.199902 -10.097871
v 7.199824 48.599998 -13.000043
v 5.396895 48.699932 -13.000306
v 3.600063 48.749985 -14.000515
v 1.995458 49.763496 -13.140829
v 0.088683 49.844433 -13.023105
v -1.782444 49.843739 -13.000380
v -3.613149 49.724590 -13.000044
v -5.400000 48.599998 -13.000001
v -7.221278 48.674973 -13.006666
v -9.000408 49.061840 -11.040720
v -10.790632 48.599998 -11.005763
v -12.277454 49.596840 -7.945741
v -14.305288 48.948643 -5.006528
v -15.063703 49.678677 -2.994411
v -17.330805 49.831070 -0.892623
v -19.610680 49.849503 -0.921735
v -19.676666 49.847294 0.900985
v -19.682554 51.648922 0.899307
v -17.548681 51.641201 0.478095
v -15.160412 51.575615 2.289882
v -14.040545 51.415588 4.175907
v -12.628201 50.427296 7.010845
v -10.843374 50.725723 7.002144
v -8.826818 51.553535 7.153535
v -7.016148 51.570194 8.172842
v -5.000212 51.202686 8.716029
v -3.622163 50.503849 10.003823
v -1.800603 50.398331 10.000421
v -0.000783 50.399006 10.000328
v 1.832257 50.787319 10.000732
v 3.627425 50.507366 10.000238
v 5.003383 51.175007 8.688387
v 7.029434 51.394352 8.250282
v 8.996452 51.372875 8.104446
v 10.760124 51.252499 7.407416
v 12.611457 50.475746 8.005920
v 14.418821 50.399998 7.018745
v 14.759599 51.240974 5.920838
v 16.876675 51.570465 1.965621
v 19.449915 51.642868 1.023370
v 19.187473 51.619247 -1.432785
v 16.870728 51.525539 -2.960449
v 16.278957 50.600735 -5.013967
v 14.195495 51.127750 -5.043435
v 11.945961 51.548092 -6.722125
v 10.052403 51.475807 -8.855662
v 9.001095 50.941883 -10.079207
v 7.199824 50.399998 -13.000043
v 5.396918 50.499931 -13.000279
v 3.600063 50.549984 -14.000515
v 1.995463 51.563488 -13.140829
v 0.088683 51.644432 -13.023105
v -1.782445 51.643738 -13.000380
v -3.613149 51.524590 -13.000044
v -5.400000 50.399998 -13.000001
v -7.221278 50.474972 -13.006666
v -9.000408 50.861839 -11.040720
v -10.790632 50.399998 -11.005763
v -12.277455 51.395733 -7.945740
v -14.305288 50.748642 -5.006528
v -15.063698 51.478527 -2.994411
v -17.330786 51.631069 -0.892621
v -19.610397 51.649422 -0.921773
v -19.682554 51.648922 0.899307
v -19.684858 53.448391 0.899007
v -17.571316 53.437290 0.456406
v -15.182933 53.366535 2.243028
v -14.115752 53.204456 3.920190
v -12.628184 52.232925 7.007336
v -10.847444 52.491451 7.002982
v -8.946322 53.442440 7.072757
v -6.801971 53.328686 7.455981
v -5.043301 53.025959 8.584522
v -3.609411 52.233734 10.006188
v -1.802235 52.266876 10.004097
v -0.003425 52.268631 10.006733
v 1.804041 52.326408 10.000012
v 3.616210 52.258926 10.003897
v 4.983803 53.240398 8.521758
v 7.083618 53.359951 8.076315
v 9.000000 52.199924 7.500017
v 10.837982 53.185223 7.211106
v 12.610268 52.274948 8.005488
v 14.418836 52.199997 7.018744
v 14.759623 53.040775 5.920776
v 16.876787 53.369465 1.965522
v 19.449955 53.442844 1.023361
v 19.187637 53.418652 -1.432729
v 16.870766 53.324211 -2.960410
v 16.278957 52.400738 -5.013967
v 14.197250 52.909031 -5.041575
v 11.947992 53.349255 -6.719928
v 10.050018 53.276352 -8.853652
v 9.000661 52.726830 -10.079550
v 7.199824 52.199997 -13.000043
v 5.396918 52.299931 -13.000279
v 3.600063 52.349983 -14.000515
v 1.995462 53.363445 -13.140829
v 0.088623 53.444363 -13.023104
v -1.782453 53.443748 -13.000380
v -3.613153 53.324589 -13.000044
v -5.400000 52.199997 -13.000001
v -7.221278 52.274971 -13.006666
v -9.000408 52.661839 -11.040720
v -10.790632 52.199997 -11.005763
v -12.277440 53.194256 -7.945757
v -14.305290 52.548634 -5.006527
v -15.063702 53.278187 -2.994395
v -17.330900 53.430424 -0.892540
v -19.610365 53.449406 -0.921776
v -19.684858 53.448391 0.899007
v -19.699766 55.247837 0.895089
v -17.613720 55.232990 0.415948
v -15.312611 55.192062 1.826201
v -14.325480 54.993626 3.362167
v -13.148832 54.843857 5.000459
v -11.085584 55.073235 6.060063
v -9.033870 54.667473 7.001304
v -7.076826 55.257679 7.107214
v -5.338266 55.008904 8.120434
v -3.439486 54.922279 8.427021
v -1.807960 54.231762 8.664505
v -0.021194 54.582226 8.667237
v 1.704124 54.917866 8.620281
v 3.562246 54.977478 8.565115
v 5.293792 55.140182 8.137255
v 7.104116 55.054733 7.296262
v 8.984135 55.069427 7.223130
v 10.873050 55.042419 7.156994
v 12.610355 54.074966 8.005487
v 14.418836 54.000000 7.018744
v 14.759727 54.829788 5.921249
v 16.876823 55.165443 1.965484
v 19.450901 55.241215 1.023165
v 19.188028 55.216484 -1.432515
v 16.870665 55.109478 -2.961458
v 16.278959 54.200424 -5.013973
v 14.198649 54.698513 -5.040641
v 11.947933 55.140392 -6.719855
v 10.050417 55.050476 -8.852849
v 9.000319 54.509121 -10.080120
v 7.199824 54.000000 -13.000043
v 5.396918 54.099903 -13.000279
v 3.600063 54.149979 -14.000515
v 1.995422 55.159454 -13.140829
v 0.088637 55.244274 -13.023104
v -1.782582 55.243599 -13.000380
v -3.613173 55.125908 -13.000044
v -5.400000 54.000000 -13.000001
v -7.221278 54.074974 -13.006666
v -9.000407 54.459995 -11.040719
v -10.790632 54.000000 -11.005763
v -12.276975 54.965424 -7.946650
v -14.305297 54.347965 -5.006518
v -15.063746 55.066601 -2.994786
v -17.330879 55.228489 -0.892593
v -19.610088 55.248512 -0.921851
v -19.699766 55.247837 0.895089
v -19.709858 57.047531 0.893189
v -17.676413 57.023941 0.369393
v -15.359213 56.968132 1.615459
v -14.474392 56.498394 3.007877
v -12.604624 55.887188 5.004598
v -10.985501 56.588840 5.645516
v -9.035773 57.149998 6.105726
v -7.291753 57.163445 6.805305
v -5.570327 56.793560 7.669140
v -3.636363 56.479511 7.479721
v -1.827366 56.504440 7.473012
v 0.031019 56.491314 7.488757
v 1.848675 56.445930 7.552332
v 3.583382 56.855354 8.012729
v 5.287907 56.845242 7.222740
v 7.137550 56.955887 7.101209
v 9.033382 56.902332 7.083109
v 10.933123 56.922493 7.136780
v 12.609881 55.874962 8.005374
v 14.418841 55.799995 7.018738
v 14.761252 56.631409 5.918532
v 16.897223 56.945827 1.934431
v 19.455486 57.038342 1.022213
v 19.209541 56.998558 -1.424437
v 16.867033 56.894531 -2.949861
v 16.279079 56.000362 -5.013847
v 14.197031 56.458176 -5.037551
v 11.976860 56.909859 -6.700503
v 10.053213 56.844059 -8.849417
v 9.013224 56.283409 -10.075294
v 7.199824 55.799999 -13.000043
v 5.396921 55.899899 -13.000278
v 3.600015 55.949924 -14.000539
v 1.996385 56.960152 -13.141527
v 0.085136 57.040562 -13.023026
v -1.784285 57.044998 -13.000380
v -3.613458 56.925827 -13.000042
v -5.400000 55.799999 -13.000001
v -7.221178 55.874863 -13.006761
v -9.000257 56.260155 -11.040849
v -10.790631 55.799999 -11.005763
v -12.275032 56.763332 -7.949590
v -14.307117 56.146408 -5.005074
v -15.063423 56.866398 -2.997904
v -17.353247 57.010098 -0.877341
v -19.611326 57.047199 -0.921922
v -19.709858 57.047531 0.893189
v -19.740849 58.841019 0.890386
v -17.717850 58.809357 0.344372
v -15.589092 58.647087 1.054042
v -14.536925 58.126511 3.006681
v -12.492827 58.185543 3.761865
v -10.705747 58.211250 4.633415
v -8.967813 58.407841 5.316316
v -7.003256 58.040447 5.481413
v -5.468748 57.997520 7.002287
v -3.748961 58.606400 7.071189
v -1.825300 58.649845 7.071807
v -0.003902 58.657009 7.086617
v 1.815962 58.631134 7.125764
v 3.581531 58.640549 7.140563
v 5.366086 58.742847 7.087142
v 7.199378 58.813885 7.051699
v 9.050902 58.817371 7.065539
v 10.958240 58.728943 7.138177
v 12.609870 57.673351 8.006071
v 14.424507 57.617535 7.001365
v 14.698433 58.219471 5.999365
v 17.015865 58.631466 1.752246
v 19.506220 58.812508 0.995808
v 19.238234 58.767475 -1.409262
v 16.990200 58.451488 -2.385229
v 16.215338 57.620197 -5.004847
v 14.356876 57.969231 -5.000580
v 12.027824 58.573078 -6.657647
v 10.000052 58.444031 -8.760508
v 9.019245 57.904774 -10.075880
v 7.199811 57.599983 -13.000046
v 5.399199 57.623940 -13.000143
v 3.600086 57.763000 -14.002579
v 1.996333 58.734962 -13.127854
v 0.081054 58.836250 -13.022875
v -1.791491 58.842167 -13.000267
v -3.673917 58.762638 -13.000042
v -5.400000 57.599998 -13.000001
v -7.223507 57.694374 -13.005481
v -9.000125 58.260830 -11.023460
v -10.792366 57.597324 -11.004575
v -12.336033 58.268696 -7.611028
v -14.290651 57.984818 -5.000071
v -15.048921 58.504223 -2.937144
v -17.392576 58.765091 -0.846722
v -19.647934 58.831345 -0.911822
v -19.740849 58.841019 0.890386
