#  ----------------------------------------------------------
#  Num verts:  184
#  Num rc: 8 23
#  Num tElems: 8
v -19.766016 5.427539 -8.966472
v -17.999302 5.439192 -10.005900
v -16.200006 5.437736 -10.004703
v -14.400005 5.436422 -10.004056
v -12.599999 5.436432 -10.004065
v -10.799999 5.436433 -10.004065
v -9.000000 5.436433 -10.004065
v -7.199003 5.436432 -10.004296
v -5.397215 5.436430 -10.005124
v -3.600698 5.410086 -11.005054
v -1.800238 5.410089 -11.005251
v 0.000035 5.410096 -11.005306
v 1.807797 5.417830 -11.014785
v 3.609157 5.432844 -11.007482
v 5.399905 5.446632 -11.000588
v 7.199874 5.446459 -11.000192
v 9.000000 5.441548 -11.018270
v 10.799999 5.441548 -11.018270
v 12.599999 5.441546 -11.018270
v 14.400031 5.441499 -11.018232
v 16.200035 5.447751 -11.000595
v 17.998775 5.449022 -11.001867
v 19.742321 5.405259 -8.973118
v -19.795271 7.999507 -12.365669
v -18.000029 7.208604 -12.003449
v -16.200016 7.208601 -12.003447
v -14.400000 7.208601 -12.003447
v -12.599999 7.208601 -12.003447
v -10.799999 7.208601 -12.003447
v -9.000000 7.208601 -12.003447
v -7.200000 7.208601 -12.003447
v -5.400000 7.208601 -12.003447
v -3.600961 7.236537 -12.000164
v -1.800001 7.237545 -12.001343
v 0.005771 7.266390 -12.001083
v 1.877355 7.518161 -12.002108
v 3.599964 7.200323 -14.025058
v 5.399987 7.200323 -14.025063
v 7.200000 7.200238 -14.000003
v 9.000000 7.200238 -14.000003
v 10.799999 7.200238 -14.000003
v 12.599999 7.200238 -14.000003
v 14.400000 7.200238 -14.000003
v 16.199999 7.200238 -14.000003
v 18.000000 7.200238 -14.000003
v 19.802027 7.200369 -14.000892
v -19.801466 9.001904 -14.001530
v -18.000002 9.002392 -14.000884
v -16.199999 9.002394 -14.000885
v -14.400000 9.002394 -14.000885
v -12.599999 9.002394 -14.000885
v -10.799999 9.002394 -14.000885
v -9.000000 9.002394 -14.000885
v -7.200000 9.002394 -14.000885
v -5.400000 9.002394 -14.000885
v -3.600000 9.002394 -14.000885
v -1.800000 9.002394 -14.000885
v 0.000000 9.002394 -14.000885
v 1.799934 9.002460 -14.000911
v 3.599934 9.002584 -14.000960
v 5.400000 9.002650 -14.000986
v 7.200000 9.002650 -14.000986
v 9.000000 9.002650 -14.000986
v 10.799999 9.002650 -14.000986
v 12.599999 9.002650 -14.000986
v 14.400000 9.002650 -14.000986
v 16.199999 9.002650 -14.000986
v 18.000000 9.002650 -14.000986
v 19.802214 9.026260 -14.000706
v -19.799999 10.799999 -15.000000
v -18.000000 10.799999 -15.000000
v -16.199999 10.799999 -15.000000
v -14.400000 10.799999 -15.000000
v -12.599999 10.799999 -15.000000
v -10.799999 10.799999 -15.000000
v -9.000000 10.799999 -15.000000
v -7.200000 10.799999 -15.000000
v -5.400000 10.799999 -15.000000
v -3.600000 10.799999 -15.000000
v -1.800000 10.799999 -15.000000
v 0.000000 10.799999 -15.000000
v 1.800000 10.799999 -15.000000
v 3.600000 10.799999 -15.000000
v 5.400000 10.799999 -15.000000
v 7.200000 10.799999 -15.000000
v 9.000000 10.799999 -15.000000
v 10.799999 10.799999 -15.000000
v 12.599999 10.799999 -15.000000
v 14.400000 10.799999 -15.000000
v 16.199999 10.799999 -15.000000
v 18.000000 10.799999 -15.000000
v 19.799999 10.799999 -15.000000
v -19.799999 12.599999 -15.000000
v -18.000000 12.599999 -15.000000
v -16.199999 12.599999 -15.000000
v -14.400000 12.599999 -15.000000
v -12.599999 12.599999 -15.000000
v -10.799999 12.599999 -15.000000
v -9.000000 12.599999 -15.000000
v -7.200000 12.599999 -15.000000
v -5.400000 12.599999 -15.000000
v -3.600000 12.599999 -15.000000
v -1.800000 12.599999 -15.000000
v 0.000000 12.599999 -15.000000
v 1.800000 12.599999 -15.000000
v 3.600000 12.599999 -15.000000
v 5.400000 12.599999 -15.000000
v 7.200000 12.599999 -15.000000
v 9.000000 12.599999 -15.000000
v 10.799999 12.599999 -15.000000
v 12.599999 12.599999 -15.000000
v 14.400000 12.599999 -15.000000
v 16.199999 12.599999 -15.000000
v 18.000000 12.599999 -15.000000
v 19.799999 12.599999 -15.000000
v -19.805967 14.391050 -13.010267
v -18.000008 14.388699 -13.006536
v -16.200005 14.388699 -13.006536
v -14.400000 14.388699 -13.006536
v -12.599498 14.388865 -13.006768
v -10.770337 14.852781 -13.077893
v -9.114437 14.926425 -14.011210
v -7.269011 14.976443 -14.208180
v -5.415692 14.955121 -14.242672
v -3.606021 14.943684 -14.247332
v -1.800575 14.935047 -14.249961
v 0.000516 14.933044 -14.250720
v 1.805728 14.936085 -14.250268
v 3.609386 14.843819 -14.268126
v 5.461473 14.934117 -14.230311
v 7.203730 14.420422 -14.000356
v 9.016322 14.728198 -13.557843
v 10.804769 14.890862 -13.147028
v 12.565167 14.698212 -13.027092
v 14.101340 14.900830 -12.492776
v 16.199987 14.373367 -12.016060
v 18.000017 14.373367 -12.016057
v 19.815443 14.375743 -12.006599
v -20.266584 16.186853 -9.636026
v -18.033522 16.791409 -11.868448
v -16.024921 15.564223 -9.944978
v -14.002747 15.600700 -9.998911
v -11.317362 15.499934 -9.947474
v -10.800048 16.199638 -14.025050
v -9.009535 16.231415 -14.002028
v -7.200000 16.199760 -14.000003
v -5.400000 16.199760 -14.000003
v -3.600000 16.199760 -14.000003
v -1.800000 16.199760 -14.000003
v 0.000000 16.199760 -14.000003
v 1.799934 16.199696 -14.000029
v 3.600000 16.199568 -14.000065
v 5.400076 16.199696 -14.000028
v 7.210851 16.226330 -14.006063
v 9.366061 16.505310 -13.050517
v 10.518708 16.778347 -19.422533
v 13.139490 16.681343 -18.750303
v 14.920526 16.962067 -16.603565
v 16.103209 15.757471 -8.836895
v 17.868233 17.175081 -11.159612
v 19.489378 15.889472 -10.966768
v -18.968105 17.320587 -8.148500
v -17.264151 18.288185 -11.998208
v -15.793590 18.113483 -5.861176
v -13.722761 18.029037 -3.560571
v -12.859291 18.041500 -10.019467
v -10.783298 18.078144 -10.256319
v -9.216679 18.360756 -12.146679
v -7.597888 18.821560 -12.523779
v -5.580435 18.853874 -12.984671
v -3.728474 18.816381 -13.155851
v -1.833344 18.698788 -13.213224
v 0.103186 18.738747 -13.257350
v 1.882625 18.785292 -13.324232
v 3.600008 18.186010 -14.002667
v 5.274000 18.738382 -13.325396
v 7.152129 18.504393 -13.153152
v 8.999834 17.999474 -13.000173
v 10.806112 17.966068 -13.003127
v 12.600708 18.000057 -12.798854
v 14.399926 17.999962 -12.000017
v 16.043154 18.385229 -8.109319
v 17.433208 17.411913 -6.604266
v 18.824011 17.485065 -8.244026
