#  ----------------------------------------------------------
#  Num verts:  184
#  Num rc: 8 23
#  Num tElems: 8
v -19.840803 5.627786 -0.834718
v -18.083645 6.068046 3.004642
v -16.094381 6.958440 2.879635
v -14.408463 5.516963 5.002886
v -12.485793 6.134518 3.105476
v -10.805166 5.420400 6.014679
v -9.002231 5.419824 6.018010
v -7.198089 5.420856 6.016911
v -5.401800 5.423339 6.017557
v -3.600873 5.421914 6.023575
v -1.798776 5.421950 6.004494
v 0.001284 5.426150 6.000172
v 1.800387 5.423942 6.020106
v 3.600147 5.424653 6.016263
v 5.400727 5.422329 6.016289
v 7.193322 5.554828 5.006092
v 8.999825 5.445210 5.002442
v 10.798491 5.415897 6.000099
v 12.600422 5.536424 5.012872
v 14.422194 5.536841 5.015377
v 16.188660 5.503933 4.005749
v 18.019562 5.642028 4.002847
v 19.845730 5.857536 -4.966156
v -19.014585 6.969001 1.921733
v -18.056288 7.356841 5.027518
v -16.595289 8.243381 4.110622
v -14.396903 7.373136 5.005634
v -12.660139 8.050920 3.821012
v -10.753417 7.978045 3.610977
v -8.991217 7.419903 5.017720
v -7.136493 7.778059 4.514181
v -5.014075 8.123765 5.746897
v -3.602603 7.499652 5.000216
v -1.804460 7.240045 7.023821
v 0.013488 7.240053 7.006586
v 0.974829 8.389586 7.774254
v 3.254853 8.579669 4.672565
v 5.405167 8.393850 4.647784
v 7.221040 8.328181 4.159103
v 8.800886 8.243011 3.810400
v 10.797045 7.230892 6.008865
v 12.601730 7.231539 6.005715
v 14.408583 7.225986 6.003425
v 16.302956 8.148727 5.731447
v 18.732567 8.253458 4.142535
v 19.293308 7.112962 4.052006
v -19.539581 9.232324 7.601089
v -18.249271 9.400620 5.009659
v -16.870667 10.148211 5.909693
v -14.393914 9.201194 5.019823
v -13.072211 10.088592 4.113556
v -11.000470 10.077698 2.766122
v -8.953950 10.097647 2.912334
v -6.724267 10.586480 3.985480
v -4.980714 11.662757 8.627945
v -3.307467 11.824247 9.453661
v -1.858706 10.923204 12.075669
v -0.092244 11.052529 11.862619
v 1.641671 11.990903 9.756843
v 3.648595 12.096688 9.586853
v 5.593427 11.299190 8.642260
v 6.376555 11.232986 2.876014
v 8.992724 10.722174 3.034733
v 10.813898 9.988123 5.761570
v 12.777557 10.109276 5.539617
v 14.403163 8.999779 6.737940
v 16.103153 9.988406 8.357157
v 18.651403 10.041532 4.994487
v 19.633455 9.356922 8.126218
v -18.922895 12.078326 8.353422
v -19.656403 11.707992 6.803671
v -16.291021 11.806034 8.166496
v -14.399854 10.827132 7.005991
v -13.526512 11.863708 6.622885
v -11.070953 11.996516 3.090414
v -8.500089 11.993774 3.621724
v -6.202568 12.671530 7.209790
v -5.255468 12.636424 9.949250
v -3.636352 12.948977 9.847229
v -1.792360 12.886661 9.722587
v 0.002130 12.870372 9.879155
v 1.795219 12.799623 9.743738
v 3.630081 12.795882 9.996494
v 5.017078 12.712704 9.990893
v 6.503848 12.466893 9.294324
v 8.653772 12.136816 6.100173
v 11.082611 12.813720 10.022763
v 12.851763 12.265100 6.840574
v 14.394946 10.833467 6.010033
v 16.509071 12.223533 10.103175
v 18.023905 10.821682 6.007924
v 19.792492 12.039111 10.345360
v -19.328352 14.707678 7.122586
v -19.201639 13.766295 4.927453
v -16.535469 13.094484 4.040239
v -14.395660 12.795940 4.000249
v -12.602283 12.692032 4.003393
v -10.798544 12.653802 4.007369
v -8.610262 13.694754 4.331238
v -6.250218 13.896686 8.263406
v -5.744997 12.690334 4.007818
v -3.600350 12.599520 11.024435
v -1.800000 12.599350 11.024570
v 0.000172 12.599524 11.024482
v 1.800171 12.599841 11.024322
v 3.559130 13.339108 4.071329
v 5.454701 13.001563 3.471104
v 6.574327 14.111174 7.995116
v 9.059692 14.226336 5.468615
v 10.799760 12.600064 8.024545
v 12.599916 12.599936 8.024643
v 14.402725 12.621701 8.002908
v 16.164322 13.509841 5.984214
v 18.025721 12.654149 6.003998
v 19.778301 14.527270 8.899405
v -18.317715 16.563477 2.006403
v -19.757534 15.200045 6.557208
v -16.229353 14.483701 4.003684
v -14.364243 15.597641 3.252267
v -12.664097 15.339241 1.930407
v -10.764254 15.403894 1.966638
v -8.935151 15.353024 1.957011
v -7.095436 15.639627 10.651236
v -6.315667 15.114975 11.042424
v -3.600491 14.400892 11.024502
v -1.799997 14.400896 11.024612
v 0.306042 15.329988 10.761425
v 1.773843 15.655356 14.348089
v 4.004714 14.681291 12.440708
v 5.366536 14.746305 12.359520
v 6.719413 15.954603 10.457023
v 9.099379 15.254240 3.003328
v 10.726615 16.557060 7.767691
v 12.644406 15.635500 7.537880
v 14.400074 14.400089 8.024643
v 16.205311 14.429121 6.010421
v 18.359068 15.393091 5.360320
v 19.145210 16.742981 3.997268
v -20.530342 16.541161 4.115560
v -18.085951 16.771202 2.200837
v -15.556537 16.950336 2.896783
v -13.455033 17.815123 6.909772
v -12.139446 17.759949 5.708425
v -10.628794 17.722715 5.647855
v -8.904364 17.953712 6.788591
v -7.189390 17.892916 6.680202
v -5.173028 17.644932 8.873200
v -3.456847 16.997204 7.312304
v -1.877272 16.992420 8.369241
v -0.056398 17.612907 8.688962
v 1.644006 17.998632 8.951429
v 3.356817 17.998224 8.757107
v 5.337264 17.988558 8.955791
v 7.172884 18.202978 7.784030
v 9.101464 18.237745 8.937959
v 10.628290 18.210468 9.976260
v 12.424678 17.559256 8.797855
v 14.400042 16.200169 8.024595
v 15.393099 16.588602 4.861627
v 17.605614 16.387285 4.533213
v 20.928658 16.215742 1.460045
v -19.424953 17.695007 -3.456714
v -17.590208 18.929117 0.879651
v -15.167358 18.853415 3.275700
v -13.503944 18.705284 4.780332
v -12.593171 17.998680 10.001441
v -10.795444 18.000843 11.001762
v -9.011284 17.973852 12.049624
v -7.200008 18.000076 12.000019
v -5.399979 18.000099 12.000025
v -3.599975 18.000122 12.000035
v -1.799926 18.000122 12.000049
v -0.005309 17.969788 12.013688
v 1.800007 17.999983 13.024995
v 3.590818 17.898743 11.040956
v 5.398540 17.898497 11.036595
v 7.206902 17.896116 11.027004
v 9.000196 17.952217 11.032523
v 10.808083 17.992771 12.004560
v 12.563813 18.009172 8.014149
v 13.834697 18.495598 6.985583
v 14.423214 17.694923 7.023102
v 17.425608 18.590408 1.477748
v 19.267952 17.820375 -3.242369
